            9         159
2 0 0 0 0 0 0 0 0       0.00795422226750645d0
0 2 0 0 0 0 0 0 0       0.00728626351945177d0
0 0 2 0 0 0 0 0 0       0.00703224782911038d0
0 0 0 2 0 0 0 0 0       0.00383894026721326d0
0 0 0 0 2 0 0 0 0       0.00344026093259673d0
0 0 0 0 0 2 0 0 0       0.00318305580757841d0
0 0 0 0 0 0 2 0 0       0.00248183581217858d0
0 0 0 0 0 0 0 2 0       0.00270281807193746d0
0 0 0 0 0 0 0 0 2       0.00251031290750834d0
3 0 0 0 0 0 0 0 0      -0.00173748250971929d0
2 1 0 0 0 0 0 0 0       0.00008849921839278d0
2 0 1 0 0 0 0 0 0      -0.00005941461169600d0
2 0 0 1 0 0 0 0 0      -0.00004819083919003d0
2 0 0 0 1 0 0 0 0       0.00001486884070817d0
2 0 0 0 0 1 0 0 0       0.00008439851666530d0
2 0 0 0 0 0 1 0 0       0.00001032009934750d0
1 2 0 0 0 0 0 0 0       0.00001192241057806d0
0 3 0 0 0 0 0 0 0       0.00095096032449571d0
0 2 1 0 0 0 0 0 0       0.00078276320864006d0
0 2 0 1 0 0 0 0 0       0.00005958927121402d0
0 2 0 0 1 0 0 0 0       0.00006954486374130d0
0 2 0 0 0 1 0 0 0       0.00000006075113670d0
0 2 0 0 0 0 1 0 0      -0.00001823293490313d0
1 0 2 0 0 0 0 0 0      -0.00005080313806828d0
0 1 2 0 0 0 0 0 0      -0.00028257631848411d0
0 0 3 0 0 0 0 0 0       0.00116203255507983d0
0 0 2 1 0 0 0 0 0      -0.00000885447817453d0
0 0 2 0 1 0 0 0 0       0.00002439917527853d0
0 0 2 0 0 1 0 0 0      -0.00001115542747718d0
0 0 2 0 0 0 1 0 0      -0.00000186050356154d0
1 0 0 2 0 0 0 0 0       0.00000886966595871d0
0 1 0 2 0 0 0 0 0      -0.00002069335593962d0
0 0 1 2 0 0 0 0 0      -0.00009608551658863d0
0 0 2 2 0 0 0 0 0      -0.00002220833741116d0
0 0 2 0 2 0 0 0 0      -0.00001906066914071d0
0 0 2 0 0 2 0 0 0      -0.00002176979014308d0
0 0 2 0 0 0 2 0 0      -0.00003746826356187d0
0 0 2 0 0 0 0 2 0      -0.00001316021498839d0
0 0 2 0 0 0 0 0 2      -0.00006891267222498d0
0 0 0 0 0 0 0 0 4       0.00002649698796782d0
0 0 0 3 0 0 0 0 0      -0.00027978176619575d0
0 0 0 2 1 0 0 0 0       0.00011896591344957d0
0 0 0 2 0 1 0 0 0       0.00003845546953330d0
0 0 0 2 0 0 1 0 0       0.00000076698310088d0
1 0 0 0 2 0 0 0 0       0.00000009872059714d0
0 1 0 0 2 0 0 0 0      -0.00004211572551968d0
0 0 1 0 2 0 0 0 0      -0.00005005134275157d0
0 0 0 1 2 0 0 0 0      -0.00013436632660390d0
0 0 0 0 3 0 0 0 0       0.00007509599885758d0
0 0 0 0 2 1 0 0 0       0.00001146677705278d0
0 0 0 0 2 0 1 0 0       0.00001006950090860d0
1 0 0 0 0 2 0 0 0       0.00022460454628482d0
0 1 0 0 0 2 0 0 0      -0.00001579529554290d0
0 0 1 0 0 2 0 0 0      -0.00005251935768015d0
0 0 0 1 0 2 0 0 0      -0.00000160231123055d0
0 0 0 0 1 2 0 0 0       0.00005795658441511d0
0 0 0 0 0 3 0 0 0      -0.00006345456228678d0
0 0 0 0 0 2 1 0 0      -0.00007481502485033d0
1 0 0 0 0 0 2 0 0       0.00030226728066812d0
0 1 0 0 0 0 2 0 0      -0.00006886900734547d0
0 0 1 0 0 0 2 0 0      -0.00015568238169473d0
0 0 0 1 0 0 2 0 0       0.00000565744960551d0
0 0 0 0 1 0 2 0 0       0.00008183937503166d0
0 0 0 0 0 1 2 0 0      -0.00003885035192187d0
0 0 0 0 0 0 3 0 0      -0.00005576954349379d0
1 0 0 0 0 0 0 2 0       0.00035945688198235d0
0 1 0 0 0 0 0 2 0      -0.00013778357804347d0
0 0 1 0 0 0 0 2 0      -0.00005082591974454d0
0 0 0 1 0 0 0 2 0      -0.00001914420195368d0
0 0 0 0 1 0 0 2 0       0.00002066298037127d0
0 0 0 0 0 1 0 2 0      -0.00000101758153978d0
0 0 0 0 0 0 1 2 0       0.00000663706168485d0
1 0 0 0 0 0 0 0 2       0.00002979083866096d0
0 0 0 4 0 0 0 0 0       0.00001174775106003d0
0 0 0 2 2 0 0 0 0       0.00000321601329924d0
0 0 0 2 0 2 0 0 0       0.00000041196864577d0
0 0 0 2 0 0 2 0 0       0.00000425447804227d0
0 0 0 2 0 0 0 2 0      -0.00000353685523996d0
0 0 0 2 0 0 0 0 2       0.00000193074706336d0
0 0 0 0 0 0 0 2 2       0.00001699133354675d0
0 1 0 0 0 0 0 0 2      -0.00002316137086820d0
0 0 1 0 0 0 0 0 2      -0.00033252894063854d0
0 0 0 1 0 0 0 0 2      -0.00005959686510611d0
0 0 0 0 1 0 0 0 2      -0.00003769608032450d0
0 0 0 0 0 1 0 0 2      -0.00000738885700156d0
0 0 0 0 0 0 1 0 2       0.00000508031380683d0
1 1 1 0 0 0 0 0 0       0.00004929954743487d0
1 1 0 1 0 0 0 0 0       0.00000514865883562d0
1 1 0 0 1 0 0 0 0       0.00000676615785035d0
1 1 0 0 0 1 0 0 0      -0.00000770780046925d0
1 1 0 0 0 0 1 0 0      -0.00000520940997232d0
1 0 1 1 0 0 0 0 0      -0.00000247560882067d0
1 0 1 0 1 0 0 0 0      -0.00000641683881430d0
1 0 1 0 0 1 0 0 0      -0.00000328056138199d0
1 0 1 0 0 0 1 0 0       0.00000558910457672d0
1 0 0 1 1 0 0 0 0      -0.00000814824621035d0
1 0 0 1 0 1 0 0 0      -0.00003224366580537d0
1 0 0 1 0 0 1 0 0      -0.00003624564693571d0
1 0 0 0 1 1 0 0 0       0.00000956071013871d0
1 0 0 0 1 0 1 0 0      -0.00002271333123501d0
1 0 0 0 0 0 0 1 1      -0.00010730169520251d0
1 0 0 0 0 1 1 0 0       0.00026044012304778d0
0 1 1 1 0 0 0 0 0      -0.00003105142474756d0
0 1 1 0 1 0 0 0 0      -0.00003115014534471d0
0 1 1 0 0 1 0 0 0       0.00000246801492858d0
0 1 1 0 0 0 1 0 0      -0.00000579413966309d0
0 1 0 1 1 0 0 0 0      -0.00003048188284097d0
0 1 0 1 0 1 0 0 0       0.00008350243739892d0
0 1 0 1 0 0 1 0 0      -0.00014225638048327d0
0 1 0 0 1 1 0 0 0       0.00006088782676105d0
0 1 0 0 1 0 1 0 0      -0.00012661296278212d0
0 1 0 0 0 1 1 0 0       0.00001100354963542d0
0 1 0 0 0 0 0 1 1      -0.00017367990594314d0
0 0 0 0 4 0 0 0 0      -0.00000845200189387d0
0 0 0 0 2 2 0 0 0      -0.00000325018581364d0
0 0 0 0 2 0 2 0 0       0.00000081634339945d0
0 0 0 0 2 0 0 2 0      -0.00000400008265732d0
0 0 0 0 2 0 0 0 2       0.00000043475032203d0
0 0 0 0 0 4 0 0 0       0.00000625167166139d0
0 0 0 0 0 0 0 0 4       0.00002857201898085d0
0 0 1 1 1 0 0 0 0      -0.00004224482168518d0
0 0 1 1 0 1 0 0 0      -0.00004330037268540d0
0 0 1 1 0 0 1 0 0       0.00004274601856298d0
0 0 1 0 1 1 0 0 0      -0.00002279686404798d0
0 0 1 0 1 0 1 0 0       0.00001934923704006d0
0 0 1 0 0 1 1 0 0       0.00012938473339422d0
0 0 1 0 0 0 0 1 1      -0.00001226413572201d0
0 0 0 1 1 1 0 0 0      -0.00003477243187065d0
0 0 0 1 1 0 1 0 0      -0.00001081370233322d0
0 0 0 1 0 1 1 0 0      -0.00000580932744727d0
0 0 0 1 0 0 0 1 1      -0.00001268179978685d0
0 0 0 0 1 1 1 0 0      -0.00001135286867146d0
0 0 0 0 1 0 0 1 1      -0.00002051110252951d0
0 0 0 0 0 1 0 1 1       0.00000415385897210d0
0 0 0 0 0 0 1 1 1       0.00000426776735342d0
4 0 0 0 0 0 0 0 0       0.00024624524026241d0
2 2 0 0 0 0 0 0 0      -0.00000093974414588d0
2 0 2 0 0 0 0 0 0      -0.00000215666535297d0
2 0 0 2 0 0 0 0 0      -0.00000371721017704d0
2 0 0 0 2 0 0 0 0      -0.00000377416436770d0
2 0 0 0 0 2 0 0 0      -0.00006635163211832d0
2 0 0 0 0 0 2 0 0      -0.00007607750940994d0
2 0 0 0 0 0 0 2 0      -0.00010110318078573d0
2 0 0 0 0 0 0 0 2      -0.00000861527057376d0
0 4 0 0 0 0 0 0 0       0.00012764193516004d0
0 2 2 0 0 0 0 0 0       0.00005935575903231d0
0 2 0 2 0 0 0 0 0      -0.00002380875016870d0
0 2 0 0 2 0 0 0 0      -0.00002784300534041d0
0 2 0 0 0 2 0 0 0      -0.00001749822584362d0
0 2 0 0 0 0 2 0 0      -0.00003784795816626d0
0 2 0 0 0 0 0 2 0      -0.00003505720282395d0
0 2 0 0 0 0 0 0 2      -0.00005258390576290d0
0 0 4 0 0 0 0 0 0       0.00011937598362232d0
0 0 0 0 0 2 2 0 0       0.00002294304647067d0
0 0 0 0 0 2 0 2 0       0.00000764135391348d0
0 0 0 0 0 2 0 0 2       0.00000103466779698d0
0 0 0 0 0 0 4 0 0       0.00002857201898085d0
0 0 0 0 0 0 2 2 0       0.00001061815961195d0
0 0 0 0 0 0 2 0 2       0.00000521700386441d0
