9    159  
2 0 0 0 0 0 0 0 0       0.00795422226750645d0
0 2 0 0 0 0 0 0 0       0.00728626351945177d0
0 0 2 0 0 0 0 0 0       0.00703224782911038d0
0 0 0 2 0 0 0 0 0       0.00383894026721326d0
0 0 0 0 2 0 0 0 0       0.00344026093259673d0
0 0 0 0 0 2 0 0 0       0.00318305580757841d0
0 0 0 0 0 0 2 0 0       0.00248183581217858d0
0 0 0 0 0 0 0 2 0       0.00270281807193746d0
0 0 0 0 0 0 0 0 2       0.00251031290750834d0
3 0 0 0 0 0 0 0 0      -0.00173748250971929d0
2 1 0 0 0 0 0 0 0       0.00026549765517835d0
2 0 1 0 0 0 0 0 0      -0.00017824383508799d0
2 0 0 1 0 0 0 0 0      -0.00014457251757009d0
2 0 0 0 1 0 0 0 0       0.00004460652212452d0
2 0 0 0 0 1 0 0 0       0.00025319554999589d0
2 0 0 0 0 0 1 0 0       0.00003096029804251d0
1 2 0 0 0 0 0 0 0       0.00003576723173417d0
0 3 0 0 0 0 0 0 0       0.00095096032449571d0
0 2 1 0 0 0 0 0 0       0.00234828962592018d0
0 2 0 1 0 0 0 0 0       0.00017876781364205d0
0 2 0 0 1 0 0 0 0       0.00020863459122390d0
0 2 0 0 0 1 0 0 0       0.00000018225341011d0
0 2 0 0 0 0 1 0 0      -0.00005469880470939d0
1 0 2 0 0 0 0 0 0      -0.00015240941420483d0
0 1 2 0 0 0 0 0 0      -0.00084772895545233d0
0 0 3 0 0 0 0 0 0       0.00116203255507983d0
0 0 2 1 0 0 0 0 0      -0.00002656343452359d0
0 0 2 0 1 0 0 0 0       0.00007319752583560d0
0 0 2 0 0 1 0 0 0      -0.00003346628243153d0
0 0 2 0 0 0 1 0 0      -0.00000558151068463d0
1 0 0 2 0 0 0 0 0       0.00002660899787612d0
0 1 0 2 0 0 0 0 0      -0.00006208006781886d0
0 0 1 2 0 0 0 0 0      -0.00028825654976589d0
0 0 2 2 0 0 0 0 0      -0.00013325002446698d0
0 0 2 0 2 0 0 0 0      -0.00011436401484429d0
0 0 2 0 0 2 0 0 0      -0.00013061874085851d0
0 0 2 0 0 0 2 0 0      -0.00022480958137120d0
0 0 2 0 0 0 0 2 0      -0.00007896128993034d0
0 0 2 0 0 0 0 0 2      -0.00041347603334987d0
0 0 0 0 0 0 0 0 4       0.00002649698796782d0
0 0 0 3 0 0 0 0 0      -0.00027978176619575d0
0 0 0 2 1 0 0 0 0       0.00035689774034872d0
0 0 0 2 0 1 0 0 0       0.00011536640859989d0
0 0 0 2 0 0 1 0 0       0.00000230094930264d0
1 0 0 0 2 0 0 0 0       0.00000029616179143d0
0 1 0 0 2 0 0 0 0      -0.00012634717655905d0
0 0 1 0 2 0 0 0 0      -0.00015015402825472d0
0 0 0 1 2 0 0 0 0      -0.00040309897981171d0
0 0 0 0 3 0 0 0 0       0.00007509599885758d0
0 0 0 0 2 1 0 0 0       0.00003440033115834d0
0 0 0 0 2 0 1 0 0       0.00003020850272580d0
1 0 0 0 0 2 0 0 0       0.00067381363885447d0
0 1 0 0 0 2 0 0 0      -0.00004738588662871d0
0 0 1 0 0 2 0 0 0      -0.00015755807304045d0
0 0 0 1 0 2 0 0 0      -0.00000480693369166d0
0 0 0 0 1 2 0 0 0       0.00017386975324534d0
0 0 0 0 0 3 0 0 0      -0.00006345456228678d0
0 0 0 0 0 2 1 0 0      -0.00022444507455098d0
1 0 0 0 0 0 2 0 0       0.00090680184200437d0
0 1 0 0 0 0 2 0 0      -0.00020660702203642d0
0 0 1 0 0 0 2 0 0      -0.00046704714508420d0
0 0 0 1 0 0 2 0 0       0.00001697234881653d0
0 0 0 0 1 0 2 0 0       0.00024551812509499d0
0 0 0 0 0 1 2 0 0      -0.00011655105576561d0
0 0 0 0 0 0 3 0 0      -0.00005576954349379d0
1 0 0 0 0 0 0 2 0       0.00107837064594706d0
0 1 0 0 0 0 0 2 0      -0.00041335073413042d0
0 0 1 0 0 0 0 2 0      -0.00015247775923363d0
0 0 0 1 0 0 0 2 0      -0.00005743260586104d0
0 0 0 0 1 0 0 2 0       0.00006198894111381d0
0 0 0 0 0 1 0 2 0      -0.00000305274461935d0
0 0 0 0 0 0 1 2 0       0.00001991118505456d0
1 0 0 0 0 0 0 0 2       0.00008937251598289d0
0 0 0 4 0 0 0 0 0       0.00001174775106003d0
0 0 0 2 2 0 0 0 0       0.00001929607979544d0
0 0 0 2 0 2 0 0 0       0.00000247181187462d0
0 0 0 2 0 0 2 0 0       0.00002552686825359d0
0 0 0 2 0 0 0 2 0      -0.00002122113143973d0
0 0 0 2 0 0 0 0 2       0.00001158448238014d0
0 0 0 0 0 0 0 2 2       0.00010194800128051d0
0 1 0 0 0 0 0 0 2      -0.00006948411260460d0
0 0 1 0 0 0 0 0 2      -0.00099758682191562d0
0 0 0 1 0 0 0 0 2      -0.00017879059531832d0
0 0 0 0 1 0 0 0 2      -0.00011308824097351d0
0 0 0 0 0 1 0 0 2      -0.00002216657100468d0
0 0 0 0 0 0 1 0 2       0.00001524094142048d0
1 1 1 0 0 0 0 0 0       0.00029579728460920d0
1 1 0 1 0 0 0 0 0       0.00003089195301372d0
1 1 0 0 1 0 0 0 0       0.00004059694710210d0
1 1 0 0 0 1 0 0 0      -0.00004624680281552d0
1 1 0 0 0 0 1 0 0      -0.00003125645983394d0
1 0 1 1 0 0 0 0 0      -0.00001485365292400d0
1 0 1 0 1 0 0 0 0      -0.00003850103288583d0
1 0 1 0 0 1 0 0 0      -0.00001968336829192d0
1 0 1 0 0 0 1 0 0       0.00003353462746032d0
1 0 0 1 1 0 0 0 0      -0.00004888947726212d0
1 0 0 1 0 1 0 0 0      -0.00019346199483221d0
1 0 0 1 0 0 1 0 0      -0.00021747388161425d0
1 0 0 0 1 1 0 0 0       0.00005736426083225d0
1 0 0 0 1 0 1 0 0      -0.00013627998741006d0
1 0 0 0 0 0 0 1 1      -0.00064381017121504d0
1 0 0 0 0 1 1 0 0       0.00156264073828670d0
0 1 1 1 0 0 0 0 0      -0.00018630854848537d0
0 1 1 0 1 0 0 0 0      -0.00018690087206823d0
0 1 1 0 0 1 0 0 0       0.00001480808957147d0
0 1 1 0 0 0 1 0 0      -0.00003476483797856d0
0 1 0 1 1 0 0 0 0      -0.00018289129704580d0
0 1 0 1 0 1 0 0 0       0.00050101462439353d0
0 1 0 1 0 0 1 0 0      -0.00085353828289960d0
0 1 0 0 1 1 0 0 0       0.00036532696056633d0
0 1 0 0 1 0 1 0 0      -0.00075967777669274d0
0 1 0 0 0 1 1 0 0       0.00006602129781250d0
0 1 0 0 0 0 0 1 1      -0.00104207943565883d0
0 0 0 0 4 0 0 0 0      -0.00000845200189387d0
0 0 0 0 2 2 0 0 0      -0.00001950111488181d0
0 0 0 0 2 0 2 0 0       0.00000489806039672d0
0 0 0 0 2 0 0 2 0      -0.00002400049594392d0
0 0 0 0 2 0 0 0 2       0.00000260850193221d0
0 0 0 0 0 4 0 0 0       0.00000625167166139d0
0 0 0 0 0 0 0 0 4       0.00002857201898085d0
0 0 1 1 1 0 0 0 0      -0.00025346893011106d0
0 0 1 1 0 1 0 0 0      -0.00025980223611240d0
0 0 1 1 0 0 1 0 0       0.00025647611137788d0
0 0 1 0 1 1 0 0 0      -0.00013678118428787d0
0 0 1 0 1 0 1 0 0       0.00011609542224033d0
0 0 1 0 0 1 1 0 0       0.00077630840036531d0
0 0 1 0 0 0 0 1 1      -0.00007358481433208d0
0 0 0 1 1 1 0 0 0      -0.00020863459122390d0
0 0 0 1 1 0 1 0 0      -0.00006488221399931d0
0 0 0 1 0 1 1 0 0      -0.00003485596468362d0
0 0 0 1 0 0 0 1 1      -0.00007609079872110d0
0 0 0 0 1 1 1 0 0      -0.00006811721202877d0
0 0 0 0 1 0 0 1 1      -0.00012306661517706d0
0 0 0 0 0 1 0 1 1       0.00002492315383260d0
0 0 0 0 0 0 1 1 1       0.00002560660412051d0
4 0 0 0 0 0 0 0 0       0.00024624524026241d0
2 2 0 0 0 0 0 0 0      -0.00000563846487529d0
2 0 2 0 0 0 0 0 0      -0.00001293999211784d0
2 0 0 2 0 0 0 0 0      -0.00002230326106226d0
2 0 0 0 2 0 0 0 0      -0.00002264498620622d0
2 0 0 0 0 2 0 0 0      -0.00039810979270994d0
2 0 0 0 0 0 2 0 0      -0.00045646505645967d0
2 0 0 0 0 0 0 2 0      -0.00060661908471439d0
2 0 0 0 0 0 0 0 2      -0.00005169162344257d0
0 4 0 0 0 0 0 0 0       0.00012764193516004d0
0 2 2 0 0 0 0 0 0       0.00035613455419388d0
0 2 0 2 0 0 0 0 0      -0.00014285250101217d0
0 2 0 0 2 0 0 0 0      -0.00016705803204246d0
0 2 0 0 0 2 0 0 0      -0.00010498935506173d0
0 2 0 0 0 0 2 0 0      -0.00022708774899758d0
0 2 0 0 0 0 0 2 0      -0.00021034321694368d0
0 2 0 0 0 0 0 0 2      -0.00031550343457739d0
0 0 4 0 0 0 0 0 0       0.00011937598362232d0
0 0 0 0 0 2 2 0 0       0.00013765827882402d0
0 0 0 0 0 2 0 2 0       0.00004584812348090d0
0 0 0 0 0 2 0 0 2       0.00000620800678189d0
0 0 0 0 0 0 4 0 0       0.00002857201898085d0
0 0 0 0 0 0 2 2 0       0.00006370895767172d0
0 0 0 0 0 0 2 0 2       0.00003130202318646d0
