           12         311
2 0 0 0 0 0 0 0 0 0 0 0       0.00698258377485529d0
0 2 0 0 0 0 0 0 0 0 0 0       0.00523295103779531d0
0 0 2 0 0 0 0 0 0 0 0 0       0.00321905085607521d0
0 0 0 2 0 0 0 0 0 0 0 0       0.00209591421626978d0
0 0 0 0 2 0 0 0 0 0 0 0       0.00717394985547123d0
0 0 0 0 0 2 0 0 0 0 0 0       0.00717394985547123d0
0 0 0 0 0 0 2 0 0 0 0 0       0.00338763526042735d0
0 0 0 0 0 0 0 2 0 0 0 0       0.00338763526042735d0
0 0 0 0 0 0 0 0 2 0 0 0       0.00241713585158939d0
0 0 0 0 0 0 0 0 0 2 0 0       0.00241713585158939d0
0 0 0 0 0 0 0 0 0 0 2 0       0.00082241851312325d0
0 0 0 0 0 0 0 0 0 0 0 2       0.00082241851312325d0
3 0 0 0 0 0 0 0 0 0 0 0      -0.00080191500448583d0
2 1 0 0 0 0 0 0 0 0 0 0      -0.00004806933691662d0
1 2 0 0 0 0 0 0 0 0 0 0       0.00001002393755607d0
1 0 2 0 0 0 0 0 0 0 0 0      -0.00004784152015398d0
1 0 1 1 0 0 0 0 0 0 0 0      -0.00008793727037828d0
1 0 0 0 2 0 0 0 0 0 0 0      -0.00260576813105367d0
1 0 0 0 0 2 0 0 0 0 0 0      -0.00260576813105367d0
1 0 0 0 1 0 1 0 0 0 0 0      -0.00018954354651483d0
1 0 0 0 0 1 0 1 0 0 0 0      -0.00018954354651483d0
1 0 0 0 1 0 0 0 1 0 0 0       0.00029661742495470d0
1 0 0 0 0 1 0 0 0 1 0 0       0.00029661742495470d0
1 0 0 0 1 0 0 0 0 0 1 0       0.00008110276749913d0
1 0 0 0 0 1 0 0 0 0 0 1       0.00008110276749913d0
1 0 0 0 0 0 2 0 0 0 0 0      -0.00011117458016735d0
1 0 0 0 0 0 0 2 0 0 0 0      -0.00011117458016735d0
1 0 0 0 0 0 1 0 1 0 0 0       0.00019409988176759d0
1 0 0 0 0 0 0 1 0 1 0 0       0.00019409988176759d0
1 0 0 0 0 0 1 0 0 0 1 0       0.00004419645195178d0
1 0 0 0 0 0 0 1 0 0 0 1       0.00004419645195178d0
1 0 0 0 0 0 0 0 2 0 0 0      -0.00023533471580507d0
1 0 0 0 0 0 0 0 0 2 0 0      -0.00023533471580507d0
1 0 0 0 0 0 0 0 1 0 1 0      -0.00007244573051889d0
1 0 0 0 0 0 0 0 0 1 0 1      -0.00007244573051889d0
0 3 0 0 0 0 0 0 0 0 0 0      -0.00046018986052880d0
0 2 1 0 0 0 0 0 0 0 0 0       0.00003895666641110d0
0 2 0 1 0 0 0 0 0 0 0 0      -0.00043945853512874d0
0 1 2 0 0 0 0 0 0 0 0 0       0.00004715806986607d0
0 1 1 1 0 0 0 0 0 0 0 0      -0.00017222947255434d0
0 1 0 2 0 0 0 0 0 0 0 0       0.00022599422853692d0
0 1 0 0 2 0 0 0 0 0 0 0      -0.00005604292360895d0
0 1 0 0 0 2 0 0 0 0 0 0      -0.00005604292360895d0
0 1 0 0 1 0 0 0 1 0 0 0       0.00005011968778036d0
0 1 0 0 0 1 0 0 0 1 0 0       0.00005011968778036d0
0 1 0 0 0 0 2 0 0 0 0 0      -0.00002300949302644d0
0 1 0 0 0 0 0 2 0 0 0 0      -0.00002300949302644d0
0 1 0 0 0 0 0 0 1 0 1 0       0.00003553941497153d0
0 1 0 0 0 0 0 0 0 1 0 1       0.00003553941497153d0
0 1 0 0 0 0 0 0 0 0 2 0      -0.00002551547741546d0
0 1 0 0 0 0 0 0 0 0 0 2      -0.00002551547741546d0
0 0 3 0 0 0 0 0 0 0 0 0       0.00009112670505521d0
0 0 2 1 0 0 0 0 0 0 0 0       0.00009704994088380d0
0 0 1 2 0 0 0 0 0 0 0 0       0.00018043087600931d0
0 0 1 0 2 0 0 0 0 0 0 0      -0.00004351300166386d0
0 0 1 0 0 2 0 0 0 0 0 0      -0.00004351300166386d0
0 0 1 0 1 0 0 0 1 0 0 0      -0.00017587454075655d0
0 0 1 0 0 1 0 0 0 1 0 0      -0.00017587454075655d0
0 0 1 0 1 0 0 0 0 0 1 0      -0.00003098307971877d0
0 0 1 0 0 1 0 0 0 0 0 1      -0.00003098307971877d0
0 0 1 0 0 0 2 0 0 0 0 0      -0.00004898060396717d0
0 0 1 0 0 0 0 2 0 0 0 0      -0.00004898060396717d0
0 0 1 0 0 0 0 0 1 0 1 0       0.00004282955137595d0
0 0 1 0 0 0 0 0 0 1 0 1       0.00004282955137595d0
0 0 1 0 0 0 0 0 0 0 2 0       0.00002688237799129d0
0 0 1 0 0 0 0 0 0 0 0 2       0.00002688237799129d0
0 0 0 3 0 0 0 0 0 0 0 0      -0.00019053075248642d0
0 0 0 1 2 0 0 0 0 0 0 0       0.00001982005834951d0
0 0 0 1 0 2 0 0 0 0 0 0       0.00001982005834951d0
0 0 0 1 1 0 0 0 1 0 0 0      -0.00018772101241373d0
0 0 0 1 0 1 0 0 0 1 0 0      -0.00018772101241373d0
0 0 0 1 0 0 2 0 0 0 0 0       0.00001982005834951d0
0 0 0 1 0 0 0 2 0 0 0 0       0.00001982005834951d0
0 0 0 1 0 0 1 0 1 0 0 0      -0.00006105489238699d0
0 0 0 1 0 0 0 1 0 1 0 0      -0.00006105489238699d0
0 0 0 1 0 0 0 0 2 0 0 0      -0.00006401651030128d0
0 0 0 1 0 0 0 0 0 2 0 0      -0.00006401651030128d0
0 0 0 1 0 0 0 0 1 0 1 0       0.00006105489238699d0
0 0 0 1 0 0 0 0 0 1 0 1       0.00006105489238699d0
0 0 0 1 0 0 0 0 0 0 2 0      -0.00007472389814527d0
0 0 0 1 0 0 0 0 0 0 0 2      -0.00007472389814527d0
0 0 0 0 3 0 0 0 0 0 0 0      -0.00062550889128297d0
0 0 0 0 1 2 0 0 0 0 0 0       0.00187652667384937d0
0 0 0 0 1 0 2 0 0 0 0 0       0.00004009575022429d0
0 0 0 0 1 0 0 2 0 0 0 0      -0.00004009575022429d0
0 0 0 0 0 1 1 1 0 0 0 0      -0.00008019150044858d0
0 0 0 0 1 0 0 1 0 1 0 0       0.00007472389814527d0
0 0 0 0 0 1 1 0 0 1 0 0       0.00007472389814527d0
0 0 0 0 0 1 0 1 1 0 0 0       0.00007472389814527d0
0 0 0 0 1 0 1 0 1 0 0 0      -0.00007472389814527d0
0 0 0 0 1 0 0 0 2 0 0 0       0.00004784152015398d0
0 0 0 0 1 0 0 0 0 2 0 0      -0.00004784152015398d0
0 0 0 0 0 1 0 0 1 1 0 0      -0.00009568304030797d0
0 0 0 0 1 0 0 0 0 1 0 1      -0.00004100701727484d0
0 0 0 0 0 1 0 0 1 0 0 1      -0.00004100701727484d0
0 0 0 0 0 1 0 0 0 1 1 0      -0.00004100701727484d0
0 0 0 0 1 0 0 0 1 0 1 0       0.00004100701727484d0
0 0 0 0 0 0 3 0 0 0 0 0       0.00010532728325980d0
0 0 0 0 0 0 1 2 0 0 0 0      -0.00031598184977893d0
0 0 0 0 0 0 2 0 1 0 0 0      -0.00009203797210576d0
0 0 0 0 0 0 0 2 1 0 0 0       0.00009203797210576d0
0 0 0 0 0 0 1 1 0 1 0 0       0.00018407594421152d0
0 0 0 0 0 0 1 0 2 0 0 0      -0.00009431613973214d0
0 0 0 0 0 0 1 0 0 2 0 0       0.00009431613973214d0
0 0 0 0 0 0 0 1 1 1 0 0       0.00018863227946428d0
0 0 0 0 0 0 1 0 0 1 0 1       0.00003234998029460d0
0 0 0 0 0 0 0 1 1 0 0 1       0.00003234998029460d0
0 0 0 0 0 0 0 1 0 1 1 0       0.00003234998029460d0
0 0 0 0 0 0 1 0 1 0 1 0      -0.00003234998029460d0
0 0 0 0 0 0 1 0 0 0 2 0      -0.00001731407396049d0
0 0 0 0 0 0 1 0 0 0 0 2       0.00001731407396049d0
0 0 0 0 0 0 0 1 0 0 1 1       0.00003462814792098d0
0 0 0 0 0 0 0 0 3 0 0 0      -0.00005665043497584d0
0 0 0 0 0 0 0 0 1 2 0 0       0.00016995130492796d0
0 0 0 0 0 0 0 0 2 0 1 0      -0.00004214610108803d0
0 0 0 0 0 0 0 0 0 2 1 0       0.00004214610108803d0
0 0 0 0 0 0 0 0 1 1 0 1       0.00008429220217607d0
0 0 0 0 0 0 0 0 1 0 2 0      -0.00001298555547037d0
0 0 0 0 0 0 0 0 1 0 0 2       0.00001298555547037d0
0 0 0 0 0 0 0 0 0 1 1 1       0.00002597111094073d0
4 0 0 0 0 0 0 0 0 0 0 0       0.00005659348078518d0
3 1 0 0 0 0 0 0 0 0 0 0       0.00000554354122434d0
3 0 1 0 0 0 0 0 0 0 0 0       0.00000858109805921d0
2 0 0 0 2 0 0 0 0 0 0 0       0.00039890715137917d0
2 0 0 0 0 2 0 0 0 0 0 0       0.00039890715137917d0
2 0 0 0 1 0 1 0 0 0 0 0       0.00003417251439570d0
2 0 0 0 0 1 0 1 0 0 0 0       0.00003417251439570d0
2 0 0 0 1 0 0 0 1 0 0 0      -0.00002711019475392d0
2 0 0 0 0 1 0 0 0 1 0 0      -0.00002711019475392d0
2 0 0 0 1 0 0 0 0 0 1 0      -0.00001617499014730d0
2 0 0 0 0 1 0 0 0 0 0 1      -0.00001617499014730d0
1 1 0 0 2 0 0 0 0 0 0 0       0.00002209822597589d0
1 1 0 0 0 2 0 0 0 0 0 0       0.00002209822597589d0
1 0 3 0 0 0 0 0 0 0 0 0      -0.00000531572446171d0
1 0 1 0 2 0 0 0 0 0 0 0       0.00003098307971877d0
1 0 1 0 0 2 0 0 0 0 0 0       0.00003098307971877d0
1 0 1 0 1 0 0 0 1 0 0 0      -0.00003553941497153d0
1 0 1 0 0 1 0 0 0 1 0 0      -0.00003553941497153d0
1 0 1 0 0 0 2 0 0 0 0 0       0.00002460421036491d0
1 0 1 0 0 0 0 2 0 0 0 0       0.00002460421036491d0
1 0 0 3 0 0 0 0 0 0 0 0       0.00000683450287914d0
1 0 0 1 2 0 0 0 0 0 0 0       0.00001708625719785d0
1 0 0 1 0 2 0 0 0 0 0 0       0.00001708625719785d0
1 0 0 1 1 0 0 0 1 0 0 0      -0.00004738588662871d0
1 0 0 1 0 1 0 0 0 1 0 0      -0.00004738588662871d0
1 0 0 1 0 0 2 0 0 0 0 0       0.00003371688087043d0
1 0 0 1 0 0 0 2 0 0 0 0       0.00003371688087043d0
1 0 0 1 0 0 0 0 1 0 1 0      -0.00005376475598257d0
1 0 0 1 0 0 0 0 0 1 0 1      -0.00005376475598257d0
1 0 0 0 3 0 0 0 0 0 0 0       0.00020382006364000d0
1 0 0 0 1 2 0 0 0 0 0 0      -0.00061146019092044d0
1 0 0 0 1 0 2 0 0 0 0 0       0.00002779364504184d0
1 0 0 0 1 0 0 2 0 0 0 0      -0.00002779364504184d0
1 0 0 0 0 1 1 1 0 0 0 0      -0.00005558729008368d0
1 0 0 0 1 0 0 1 0 0 0 1      -0.00003918448317374d0
1 0 0 0 0 1 1 0 0 0 0 1      -0.00003918448317374d0
1 0 0 0 0 1 0 1 0 0 1 0      -0.00003918448317374d0
1 0 0 0 1 0 1 0 0 0 1 0       0.00003918448317374d0
1 0 0 0 1 0 0 0 0 1 0 1       0.00007381263109472d0
1 0 0 0 0 1 0 0 1 0 0 1       0.00007381263109472d0
1 0 0 0 0 1 0 0 0 1 1 0       0.00007381263109472d0
1 0 0 0 1 0 0 0 1 0 1 0      -0.00007381263109472d0
1 0 0 0 0 0 2 0 0 0 1 0       0.00001617499014730d0
1 0 0 0 0 0 0 2 0 0 1 0      -0.00001617499014730d0
1 0 0 0 0 0 1 1 0 0 0 1      -0.00003234998029460d0
1 0 0 0 0 0 0 0 3 0 0 0       0.00001070738784399d0
1 0 0 0 0 0 0 0 1 2 0 0      -0.00003212216353196d0
0 4 0 0 0 0 0 0 0 0 0 0       0.00002086421851175d0
0 3 0 1 0 0 0 0 0 0 0 0       0.00002422451576066d0
0 2 2 0 0 0 0 0 0 0 0 0      -0.00000922657888684d0
0 2 0 2 0 0 0 0 0 0 0 0       0.00000820140345497d0
0 2 0 0 0 0 2 0 0 0 0 0      -0.00001423854766488d0
0 2 0 0 0 0 0 2 0 0 0 0      -0.00001423854766488d0
0 2 0 0 0 0 0 0 2 0 0 0      -0.00001252992194509d0
0 2 0 0 0 0 0 0 0 2 0 0      -0.00001252992194509d0
0 2 0 0 0 0 0 0 1 0 1 0       0.00001731407396049d0
0 2 0 0 0 0 0 0 0 1 0 1       0.00001731407396049d0
0 1 0 3 0 0 0 0 0 0 0 0      -0.00000546760230331d0
0 1 0 1 1 0 0 0 1 0 0 0      -0.00003417251439570d0
0 1 0 1 0 1 0 0 0 1 0 0      -0.00003417251439570d0
0 1 0 1 0 0 2 0 0 0 0 0       0.00002073132540006d0
0 1 0 1 0 0 0 2 0 0 0 0       0.00002073132540006d0
0 1 0 1 0 0 0 0 2 0 0 0       0.00001959224158687d0
0 1 0 1 0 0 0 0 0 2 0 0       0.00001959224158687d0
0 1 0 0 1 0 0 0 0 1 0 1       0.00003736194907264d0
0 1 0 0 0 1 0 0 1 0 0 1       0.00003736194907264d0
0 1 0 0 0 1 0 0 0 1 1 0       0.00003736194907264d0
0 1 0 0 1 0 0 0 1 0 1 0      -0.00003736194907264d0
0 1 0 0 0 0 0 0 3 0 0 0       0.00000615105259123d0
0 1 0 0 0 0 0 0 1 2 0 0      -0.00001845315777368d0
0 0 4 0 0 0 0 0 0 0 0 0      -0.00001477012011118d0
0 0 3 1 0 0 0 0 0 0 0 0       0.00000774576992969d0
0 0 2 0 0 0 1 0 1 0 0 0       0.00003326124734515d0
0 0 2 0 0 0 0 1 0 1 0 0       0.00003326124734515d0
0 0 2 0 0 0 0 0 2 0 0 0      -0.00002004787511215d0
0 0 2 0 0 0 0 0 0 2 0 0      -0.00002004787511215d0
0 0 1 1 1 0 0 0 1 0 0 0      -0.00004009575022429d0
0 0 1 1 0 1 0 0 0 1 0 0      -0.00004009575022429d0
0 0 1 1 1 0 0 0 0 0 1 0      -0.00003326124734515d0
0 0 1 1 0 1 0 0 0 0 0 1      -0.00003326124734515d0
0 0 1 1 0 0 2 0 0 0 0 0       0.00002209822597589d0
0 0 1 1 0 0 0 2 0 0 0 0       0.00002209822597589d0
0 0 1 1 0 0 0 0 2 0 0 0       0.00002597111094073d0
0 0 1 1 0 0 0 0 0 2 0 0       0.00002597111094073d0
0 0 1 1 0 0 0 0 1 0 1 0      -0.00003508378144625d0
0 0 1 1 0 0 0 0 0 1 0 1      -0.00003508378144625d0
0 0 1 0 3 0 0 0 0 0 0 0       0.00000744201424602d0
0 0 1 0 1 2 0 0 0 0 0 0      -0.00002232604273853d0
0 0 1 0 1 0 2 0 0 0 0 0       0.00001959224158687d0
0 0 1 0 1 0 0 2 0 0 0 0      -0.00001959224158687d0
0 0 1 0 0 1 1 1 0 0 0 0      -0.00003918448317374d0
0 0 1 0 1 0 0 1 0 0 0 1      -0.00003462814792098d0
0 0 1 0 0 1 1 0 0 0 0 1      -0.00003462814792098d0
0 0 1 0 0 1 0 1 0 0 1 0      -0.00003462814792098d0
0 0 1 0 1 0 1 0 0 0 1 0       0.00003462814792098d0
0 0 1 0 1 0 0 0 0 1 0 1       0.00005285348893202d0
0 0 1 0 0 1 0 0 1 0 0 1       0.00005285348893202d0
0 0 1 0 0 1 0 0 0 1 1 0       0.00005285348893202d0
0 0 1 0 1 0 0 0 1 0 1 0      -0.00005285348893202d0
0 0 1 0 0 0 3 0 0 0 0 0      -0.00000546760230331d0
0 0 1 0 0 0 1 2 0 0 0 0       0.00001640280690994d0
0 0 1 0 0 0 1 0 2 0 0 0      -0.00002916054561767d0
0 0 1 0 0 0 1 0 0 2 0 0       0.00002916054561767d0
0 0 1 0 0 0 0 1 1 1 0 0       0.00005832109123533d0
0 0 1 0 0 0 0 0 3 0 0 0       0.00001822534101104d0
0 0 1 0 0 0 0 0 1 2 0 0      -0.00005467602303312d0
0 0 0 4 0 0 0 0 0 0 0 0       0.00000529673973133d0
0 0 0 2 1 0 0 0 1 0 0 0      -0.00002073132540006d0
0 0 0 2 0 1 0 0 0 1 0 0      -0.00002073132540006d0
0 0 0 2 1 0 0 0 0 0 1 0      -0.00001959224158687d0
0 0 0 2 0 1 0 0 0 0 0 1      -0.00001959224158687d0
0 0 0 1 1 0 2 0 0 0 0 0       0.00002824927856711d0
0 0 0 1 1 0 0 2 0 0 0 0      -0.00002824927856711d0
0 0 0 1 0 1 1 1 0 0 0 0      -0.00005649855713423d0
0 0 0 1 1 0 0 1 0 0 0 1      -0.00004920842072981d0
0 0 0 1 0 1 1 0 0 0 0 1      -0.00004920842072981d0
0 0 0 1 0 1 0 1 0 0 1 0      -0.00004920842072981d0
0 0 0 1 1 0 1 0 0 0 1 0       0.00004920842072981d0
0 0 0 1 1 0 0 0 0 1 0 1       0.00008884853742883d0
0 0 0 1 0 1 0 0 1 0 0 1       0.00008884853742883d0
0 0 0 1 0 1 0 0 0 1 1 0       0.00008884853742883d0
0 0 0 1 1 0 0 0 1 0 1 0      -0.00008884853742883d0
0 0 0 1 0 0 2 0 0 0 1 0       0.00001594717338466d0
0 0 0 1 0 0 0 2 0 0 1 0      -0.00001594717338466d0
0 0 0 1 0 0 1 1 0 0 0 1      -0.00003189434676932d0
0 0 0 1 0 0 0 0 3 0 0 0       0.00000865703698024d0
0 0 0 1 0 0 0 0 1 2 0 0      -0.00002597111094073d0
0 0 0 0 4 0 0 0 0 0 0 0       0.00011288320588714d0
0 0 0 0 0 4 0 0 0 0 0 0       0.00011288320588714d0
0 0 0 0 2 2 0 0 0 0 0 0       0.00022576641177428d0
0 0 0 0 3 0 1 0 0 0 0 0       0.00000972018187240d0
0 0 0 0 0 3 0 1 0 0 0 0       0.00000972018187240d0
0 0 0 0 2 1 0 1 0 0 0 0       0.00000972018187240d0
0 0 0 0 1 2 1 0 0 0 0 0       0.00000972018187240d0
0 0 0 0 3 0 0 0 1 0 0 0      -0.00001488402849250d0
0 0 0 0 0 3 0 0 0 1 0 0      -0.00001488402849250d0
0 0 0 0 2 1 0 0 0 1 0 0      -0.00001488402849250d0
0 0 0 0 1 2 0 0 1 0 0 0      -0.00001488402849250d0
0 0 0 0 2 0 0 0 2 0 0 0      -0.00001275773870773d0
0 0 0 0 0 2 0 0 0 2 0 0      -0.00001275773870773d0
0 0 0 0 2 0 0 0 0 2 0 0      -0.00000425257956909d0
0 0 0 0 0 2 0 0 2 0 0 0      -0.00000425257956909d0
0 0 0 0 1 1 0 0 1 1 0 0      -0.00001701031827682d0
0 0 0 0 1 0 3 0 0 0 0 0       0.00001108708244823d0
0 0 0 0 0 1 0 3 0 0 0 0       0.00001108708244823d0
0 0 0 0 0 1 2 1 0 0 0 0       0.00001108708244823d0
0 0 0 0 1 0 1 2 0 0 0 0       0.00001108708244823d0
0 0 0 0 1 0 2 0 1 0 0 0      -0.00001936442482423d0
0 0 0 0 0 1 0 2 0 1 0 0      -0.00001936442482423d0
0 0 0 0 0 1 2 0 0 1 0 0      -0.00000645480827490d0
0 0 0 0 1 0 0 2 1 0 0 0      -0.00000645480827490d0
0 0 0 0 1 0 1 1 0 1 0 0      -0.00001290961654934d0
0 0 0 0 0 1 1 1 1 0 0 0      -0.00001290961654934d0
0 0 0 0 1 0 1 0 2 0 0 0       0.00001799752424840d0
0 0 0 0 0 1 0 1 0 2 0 0       0.00001799752424840d0
0 0 0 0 0 1 0 1 2 0 0 0       0.00000599917474962d0
0 0 0 0 1 0 1 0 0 2 0 0       0.00000599917474962d0
0 0 0 0 1 0 0 1 1 1 0 0       0.00001199834949878d0
0 0 0 0 0 1 1 0 1 1 0 0       0.00001199834949878d0
0 0 0 0 1 0 1 0 1 0 1 0       0.00003690631554736d0
0 0 0 0 0 1 0 1 0 1 0 1       0.00003690631554736d0
0 0 0 0 1 0 1 0 0 1 0 1       0.00001230210518245d0
0 0 0 0 1 0 0 1 1 0 0 1       0.00001230210518245d0
0 0 0 0 0 1 1 0 1 0 0 1       0.00001230210518245d0
0 0 0 0 1 0 0 1 0 1 1 0       0.00001230210518245d0
0 0 0 0 0 1 1 0 0 1 1 0       0.00001230210518245d0
0 0 0 0 0 1 0 1 1 0 1 0       0.00001230210518245d0
0 0 0 0 1 0 0 0 3 0 0 0       0.00000835328129658d0
0 0 0 0 0 1 0 0 0 3 0 0       0.00000835328129658d0
0 0 0 0 0 1 0 0 2 1 0 0       0.00000835328129658d0
0 0 0 0 1 0 0 0 1 2 0 0       0.00000835328129658d0
0 0 0 0 1 0 0 0 2 0 1 0      -0.00003029962943086d0
0 0 0 0 0 1 0 0 0 2 0 1      -0.00003029962943086d0
0 0 0 0 0 1 0 0 2 0 0 1      -0.00001009987647710d0
0 0 0 0 1 0 0 0 0 2 1 0      -0.00001009987647710d0
0 0 0 0 1 0 0 0 1 1 0 1      -0.00002019975295375d0
0 0 0 0 0 1 0 0 1 1 1 0      -0.00002019975295375d0
0 0 0 0 1 0 0 0 1 0 2 0      -0.00001868097453632d0
0 0 0 0 0 1 0 0 0 1 0 2      -0.00001868097453632d0
0 0 0 0 0 1 0 0 0 1 2 0      -0.00000622699151226d0
0 0 0 0 1 0 0 0 1 0 0 2      -0.00000622699151226d0
0 0 0 0 1 0 0 0 0 1 1 1      -0.00001245398302406d0
0 0 0 0 0 1 0 0 1 0 1 1      -0.00001245398302406d0
0 0 0 0 1 0 0 0 0 0 3 0      -0.00000622699151226d0
0 0 0 0 0 1 0 0 0 0 0 3      -0.00000622699151226d0
0 0 0 0 0 1 0 0 0 0 2 1      -0.00000622699151226d0
0 0 0 0 1 0 0 0 0 0 1 2      -0.00000622699151226d0
0 0 0 0 0 0 4 0 0 0 0 0       0.00000351217357189d0
0 0 0 0 0 0 0 4 0 0 0 0       0.00000351217357189d0
0 0 0 0 0 0 2 2 0 0 0 0       0.00000702436536912d0
0 0 0 0 0 0 3 0 1 0 0 0      -0.00000987205971447d0
